[章节标题：质量参数]
以下为表格样式的数据：
项目|70kwh|100kwh|75kwh
整备质量（kg）|2349|2379|2399|2349|2369
整备质量下的前轴轴荷（kg）|1179|1194|1204|1179|1189
整备质量下的后轴轴荷（kg）|1170|1185|1195|1170|1180
制造商规定的最大允许总质量（kg）|2900|2900|2900|2900|2900
制造商规定的最大允许总质量下的前轴轴荷（kg）|1317|1317|1317|1317|1317
制造商规定的最大允许总质量下的后轴轴荷（kg）|1583|1583|1583|1583|1583
以下为表格样式的数据：
项目|70kwh|100kwh|75kwh
整备质量（kg）|2349|2414|2434|2384|2404
整备质量下的前轴轴荷（kg）|1179|1194|1204|1180|1190
整备质量下的后轴轴荷（kg）|1170|1220|1230|1204|1214
制造商规定的最大允许总质量（kg）|2900|2900|2900|2900|2900
制造商规定的最大允许总质量下的前轴轴荷（kg）|1317|1317|1317|1317|1317
制造商规定的最大允许总质量下的后轴轴荷（kg）|1583|1583|1583|1583|1583
